12
16 9
22 9
22 17
15 17
15 20
2 20
2 11
4 11
4 19
12 19
12 10
16 10
16 9 16 10
16 9 22 9
22 9 22 10
22 9 16 9
12 10 12 17
12 10 16 10
16 10 16 9
16 10 22 10
16 10 12 10
22 10 22 9
22 10 22 17
22 10 16 10
2 11 2 19
2 11 4 11
4 11 4 19
4 11 2 11
12 17 12 10
12 17 12 19
12 17 15 17
15 17 15 19
15 17 22 17
15 17 12 17
22 17 22 10
22 17 15 17
2 19 2 11
2 19 2 20
2 19 4 19
4 19 4 11
4 19 12 19
4 19 2 19
12 19 12 17
12 19 15 19
12 19 4 19
15 19 15 17
15 19 15 20
15 19 12 19
2 20 2 19
2 20 15 20
15 20 15 19
15 20 2 20
16 9 16 10
16 9 22 9
22 9 22 10
22 9 16 9
12 10 12 17
12 10 15 10
15 10 15 17
15 10 16 10
15 10 12 10
16 10 16 9
16 10 16 17
16 10 22 10
16 10 15 10
22 10 22 9
22 10 22 17
22 10 16 10
2 11 2 19
2 11 4 11
4 11 4 19
4 11 2 11
12 17 12 10
12 17 12 19
12 17 15 17
15 17 15 10
15 17 15 19
15 17 16 17
15 17 12 17
16 17 16 10
16 17 22 17
16 17 15 17
22 17 22 10
22 17 16 17
2 19 2 11
2 19 2 20
2 19 4 19
4 19 4 11
4 19 4 20
4 19 12 19
4 19 2 19
12 19 12 17
12 19 12 20
12 19 15 19
12 19 4 19
15 19 15 17
15 19 15 20
15 19 12 19
2 20 2 19
2 20 4 20
4 20 4 19
4 20 12 20
4 20 2 20
12 20 12 19
12 20 15 20
12 20 4 20
15 20 15 19
15 20 12 20
