30
1 2
20 2
20 3
5 3
5 6
21 6
21 23
15 23
15 31
13 31
13 33
22 33
22 40
9 40
9 43
16 43
16 44
40 44
40 19
24 19
24 13
33 13
33 12
31 12
31 11
29 11
29 5
28 5
28 1
1 1
1 1 1 2
1 1 28 1
28 1 28 2
28 1 1 1
1 2 1 1
1 2 20 2
20 2 20 3
20 2 28 2
20 2 1 2
28 2 28 1
28 2 28 3
28 2 20 2
5 3 5 5
5 3 20 3
20 3 20 2
20 3 28 3
20 3 5 3
28 3 28 2
28 3 28 5
28 3 20 3
5 5 5 3
5 5 5 6
5 5 28 5
28 5 28 3
28 5 29 5
28 5 5 5
29 5 29 6
29 5 28 5
5 6 5 5
5 6 21 6
21 6 21 11
21 6 29 6
21 6 5 6
29 6 29 5
29 6 29 11
29 6 21 6
21 11 21 6
21 11 21 12
21 11 29 11
29 11 29 6
29 11 31 11
29 11 21 11
31 11 31 12
31 11 29 11
21 12 21 11
21 12 21 13
21 12 31 12
31 12 31 11
31 12 33 12
31 12 21 12
33 12 33 13
33 12 31 12
21 13 21 12
21 13 21 19
21 13 24 13
24 13 24 19
24 13 33 13
24 13 21 13
33 13 33 12
33 13 24 13
21 19 21 13
21 19 21 23
21 19 24 19
24 19 24 13
24 19 40 19
24 19 21 19
40 19 40 23
40 19 24 19
15 23 15 31
15 23 21 23
21 23 21 19
21 23 40 23
21 23 15 23
40 23 40 19
40 23 40 31
40 23 21 23
13 31 13 33
13 31 15 31
15 31 15 23
15 31 40 31
15 31 13 31
40 31 40 23
40 31 40 33
40 31 15 31
13 33 13 31
13 33 22 33
22 33 22 40
22 33 40 33
22 33 13 33
40 33 40 31
40 33 40 40
40 33 22 33
9 40 9 43
9 40 22 40
22 40 22 33
22 40 40 40
22 40 9 40
40 40 40 33
40 40 40 43
40 40 22 40
9 43 9 40
9 43 16 43
16 43 16 44
16 43 40 43
16 43 9 43
40 43 40 40
40 43 40 44
40 43 16 43
16 44 16 43
16 44 40 44
40 44 40 43
40 44 16 44
1 1 1 2
1 1 20 1
20 1 20 2
20 1 21 1
20 1 1 1
21 1 21 2
21 1 22 1
21 1 20 1
22 1 22 2
22 1 24 1
22 1 21 1
24 1 24 2
24 1 28 1
24 1 22 1
28 1 28 2
28 1 24 1
1 2 1 1
1 2 20 2
20 2 20 1
20 2 20 3
20 2 21 2
20 2 1 2
21 2 21 1
21 2 21 3
21 2 22 2
21 2 20 2
22 2 22 1
22 2 22 3
22 2 24 2
22 2 21 2
24 2 24 1
24 2 24 3
24 2 28 2
24 2 22 2
28 2 28 1
28 2 28 3
28 2 24 2
5 3 5 5
5 3 20 3
20 3 20 2
20 3 20 5
20 3 21 3
20 3 5 3
21 3 21 2
21 3 21 5
21 3 22 3
21 3 20 3
22 3 22 2
22 3 22 5
22 3 24 3
22 3 21 3
24 3 24 2
24 3 24 5
24 3 28 3
24 3 22 3
28 3 28 2
28 3 28 5
28 3 24 3
24 5 24 3
24 5 24 6
24 5 28 5
24 5 22 5
22 5 22 3
22 5 22 6
22 5 24 5
22 5 21 5
21 5 21 3
21 5 21 6
21 5 22 5
21 5 20 5
20 5 20 3
20 5 20 6
20 5 21 5
20 5 5 5
5 5 5 3
5 5 5 6
5 5 20 5
28 5 28 3
28 5 28 6
28 5 29 5
28 5 24 5
29 5 29 6
29 5 28 5
5 6 5 5
5 6 20 6
20 6 20 5
20 6 21 6
20 6 5 6
21 6 21 5
21 6 21 11
21 6 22 6
21 6 20 6
22 6 22 5
22 6 22 11
22 6 24 6
22 6 21 6
24 6 24 5
24 6 24 11
24 6 28 6
24 6 22 6
28 6 28 5
28 6 28 11
28 6 29 6
28 6 24 6
29 6 29 5
29 6 29 11
29 6 28 6
28 11 28 6
28 11 28 12
28 11 29 11
28 11 24 11
24 11 24 6
24 11 24 12
24 11 28 11
24 11 22 11
22 11 22 6
22 11 22 12
22 11 24 11
22 11 21 11
21 11 21 6
21 11 21 12
21 11 22 11
29 11 29 6
29 11 29 12
29 11 31 11
29 11 28 11
31 11 31 12
31 11 29 11
29 12 29 11
29 12 29 13
29 12 31 12
29 12 28 12
28 12 28 11
28 12 28 13
28 12 29 12
28 12 24 12
24 12 24 11
24 12 24 13
24 12 28 12
24 12 22 12
22 12 22 11
22 12 22 13
22 12 24 12
22 12 21 12
21 12 21 11
21 12 21 13
21 12 22 12
31 12 31 11
31 12 31 13
31 12 33 12
31 12 29 12
33 12 33 13
33 12 31 12
22 13 22 12
22 13 22 19
22 13 24 13
22 13 21 13
21 13 21 12
21 13 21 19
21 13 22 13
24 13 24 12
24 13 24 19
24 13 28 13
24 13 22 13
28 13 28 12
28 13 29 13
28 13 24 13
29 13 29 12
29 13 31 13
29 13 28 13
31 13 31 12
31 13 33 13
31 13 29 13
33 13 33 12
33 13 31 13
22 19 22 13
22 19 22 23
22 19 24 19
22 19 21 19
21 19 21 13
21 19 21 23
21 19 22 19
24 19 24 13
24 19 24 23
24 19 40 19
24 19 22 19
40 19 40 23
40 19 24 19
15 23 15 31
15 23 21 23
21 23 21 19
21 23 21 31
21 23 22 23
21 23 15 23
22 23 22 19
22 23 22 31
22 23 24 23
22 23 21 23
24 23 24 19
24 23 24 31
24 23 40 23
24 23 22 23
40 23 40 19
40 23 40 31
40 23 24 23
13 31 13 33
13 31 15 31
15 31 15 23
15 31 15 33
15 31 21 31
15 31 13 31
21 31 21 23
21 31 21 33
21 31 22 31
21 31 15 31
22 31 22 23
22 31 22 33
22 31 24 31
22 31 21 31
24 31 24 23
24 31 24 33
24 31 40 31
24 31 22 31
40 31 40 23
40 31 40 33
40 31 24 31
13 33 13 31
13 33 15 33
15 33 15 31
15 33 21 33
15 33 13 33
21 33 21 31
21 33 22 33
21 33 15 33
22 33 22 31
22 33 22 40
22 33 24 33
22 33 21 33
24 33 24 31
24 33 24 40
24 33 40 33
24 33 22 33
40 33 40 31
40 33 40 40
40 33 24 33
9 40 9 43
9 40 16 40
16 40 16 43
16 40 22 40
16 40 9 40
22 40 22 33
22 40 22 43
22 40 24 40
22 40 16 40
24 40 24 33
24 40 24 43
24 40 40 40
24 40 22 40
40 40 40 33
40 40 40 43
40 40 24 40
9 43 9 40
9 43 16 43
16 43 16 40
16 43 16 44
16 43 22 43
16 43 9 43
22 43 22 40
22 43 22 44
22 43 24 43
22 43 16 43
24 43 24 40
24 43 24 44
24 43 40 43
24 43 22 43
40 43 40 40
40 43 40 44
40 43 24 43
16 44 16 43
16 44 22 44
22 44 22 43
22 44 24 44
22 44 16 44
24 44 24 43
24 44 40 44
24 44 22 44
40 44 40 43
40 44 24 44
