30
1 2
20 2
20 3
5 3
5 6
21 6
21 23
15 23
15 31
13 31
13 33
22 33
22 40
9 40
9 43
16 43
16 44
40 44
40 19
24 19
24 13
33 13
33 12
31 12
31 11
29 11
29 5
28 5
28 1
1 1
1 1 1 2
1 1 28 1
28 1 28 2
28 1 1 1
1 2 1 1
1 2 20 2
20 2 20 3
20 2 28 2
20 2 1 2
28 2 28 1
28 2 28 3
28 2 20 2
5 3 5 5
5 3 20 3
20 3 20 2
20 3 28 3
20 3 5 3
28 3 28 2
28 3 28 5
28 3 20 3
5 5 5 3
5 5 5 6
5 5 28 5
28 5 28 3
28 5 29 5
28 5 5 5
29 5 29 6
29 5 28 5
5 6 5 5
5 6 21 6
21 6 21 11
21 6 29 6
21 6 5 6
29 6 29 5
29 6 29 11
29 6 21 6
21 11 21 6
21 11 21 12
21 11 29 11
29 11 29 6
29 11 31 11
29 11 21 11
31 11 31 12
31 11 29 11
21 12 21 11
21 12 21 13
21 12 31 12
31 12 31 11
31 12 33 12
31 12 21 12
33 12 33 13
33 12 31 12
21 13 21 12
21 13 21 19
21 13 24 13
24 13 24 19
24 13 33 13
24 13 21 13
33 13 33 12
33 13 24 13
21 19 21 13
21 19 21 23
21 19 24 19
24 19 24 13
24 19 40 19
24 19 21 19
40 19 40 23
40 19 24 19
15 23 15 31
15 23 21 23
21 23 21 19
21 23 40 23
21 23 15 23
40 23 40 19
40 23 40 31
40 23 21 23
13 31 13 33
13 31 15 31
15 31 15 23
15 31 40 31
15 31 13 31
40 31 40 23
40 31 40 33
40 31 15 31
13 33 13 31
13 33 22 33
22 33 22 40
22 33 40 33
22 33 13 33
40 33 40 31
40 33 40 40
40 33 22 33
9 40 9 43
9 40 22 40
22 40 22 33
22 40 40 40
22 40 9 40
40 40 40 33
40 40 40 43
40 40 22 40
9 43 9 40
9 43 16 43
16 43 16 44
16 43 40 43
16 43 9 43
40 43 40 40
40 43 40 44
40 43 16 43
16 44 16 43
16 44 40 44
40 44 40 43
40 44 16 44
