100
41 49
41 47
37 47
37 46
40 46
40 36
39 36
39 32
43 32
43 22
36 22
36 12
34 12
34 19
35 19
35 34
33 34
33 39
32 39
32 31
23 31
23 26
24 26
24 20
26 20
26 9
22 9
22 6
14 6
14 13
16 13
16 23
11 23
11 33
17 33
17 37
15 37
15 43
18 43
18 42
20 42
20 45
9 45
9 24
8 24
8 28
6 28
6 16
4 16
4 48
3 48
3 44
1 44
1 35
0 35
0 8
2 8
2 2
12 2
12 0
13 0
13 3
19 3
19 4
5 4
5 10
7 10
7 14
10 14
10 5
21 5
21 1
25 1
25 7
27 7
27 27
28 27
28 25
29 25
29 15
30 15
30 17
31 17
31 11
38 11
38 21
42 21
42 18
46 18
46 29
44 29
44 40
45 40
45 38
47 38
47 30
48 30
48 41
49 41
49 49
12 0 12 2
12 0 13 0
13 0 13 2
13 0 12 0
21 1 21 5
21 1 25 1
25 1 25 5
25 1 21 1
2 2 2 3
2 2 12 2
12 2 12 0
12 2 13 2
12 2 2 2
13 2 13 0
13 2 13 3
13 2 12 2
2 3 2 2
2 3 2 4
2 3 13 3
13 3 13 2
13 3 19 3
13 3 2 3
19 3 19 4
19 3 13 3
2 4 2 3
2 4 2 8
2 4 5 4
5 4 5 8
5 4 19 4
5 4 2 4
19 4 19 3
19 4 5 4
10 5 10 6
10 5 21 5
21 5 21 1
21 5 25 5
21 5 10 5
25 5 25 1
25 5 25 6
25 5 21 5
10 6 10 5
10 6 10 13
10 6 14 6
14 6 14 13
14 6 22 6
14 6 10 6
22 6 22 7
22 6 25 6
22 6 14 6
25 6 25 5
25 6 25 7
25 6 22 6
22 7 22 6
22 7 22 9
22 7 25 7
25 7 25 6
25 7 27 7
25 7 22 7
27 7 27 9
27 7 25 7
0 8 0 10
0 8 2 8
2 8 2 4
2 8 5 8
2 8 0 8
5 8 5 4
5 8 5 10
5 8 2 8
22 9 22 7
22 9 26 9
26 9 26 20
26 9 27 9
26 9 22 9
27 9 27 7
27 9 27 20
27 9 26 9
0 10 0 8
0 10 0 14
0 10 5 10
5 10 5 8
5 10 7 10
5 10 0 10
7 10 7 14
7 10 5 10
31 11 31 12
31 11 38 11
38 11 38 12
38 11 31 11
31 12 31 11
31 12 31 17
31 12 34 12
34 12 34 17
34 12 36 12
34 12 31 12
36 12 36 21
36 12 38 12
36 12 34 12
38 12 38 11
38 12 38 21
38 12 36 12
10 13 10 6
10 13 10 14
10 13 14 13
14 13 14 6
14 13 16 13
14 13 10 13
16 13 16 14
16 13 14 13
0 14 0 10
0 14 0 16
0 14 7 14
7 14 7 10
7 14 10 14
7 14 0 14
10 14 10 13
10 14 16 14
10 14 7 14
16 14 16 13
16 14 16 16
16 14 10 14
29 15 29 17
29 15 30 15
30 15 30 17
30 15 29 15
0 16 0 14
0 16 0 35
0 16 4 16
4 16 4 35
4 16 6 16
4 16 0 16
6 16 6 23
6 16 16 16
6 16 4 16
16 16 16 14
16 16 16 23
16 16 6 16
29 17 29 15
29 17 29 19
29 17 30 17
30 17 30 15
30 17 31 17
30 17 29 17
31 17 31 12
31 17 34 17
31 17 30 17
34 17 34 12
34 17 34 19
34 17 31 17
42 18 42 21
42 18 46 18
46 18 46 21
46 18 42 18
29 19 29 17
29 19 29 25
29 19 34 19
34 19 34 17
34 19 35 19
34 19 29 19
35 19 35 25
35 19 34 19
24 20 24 26
24 20 26 20
26 20 26 9
26 20 27 20
26 20 24 20
27 20 27 9
27 20 27 26
27 20 26 20
36 21 36 12
36 21 36 22
36 21 38 21
38 21 38 12
38 21 42 21
38 21 36 21
42 21 42 18
42 21 46 21
42 21 38 21
46 21 46 18
46 21 46 22
46 21 42 21
36 22 36 21
36 22 43 22
43 22 43 29
43 22 46 22
43 22 36 22
46 22 46 21
46 22 46 29
46 22 43 22
6 23 6 16
6 23 6 24
6 23 11 23
11 23 11 24
11 23 16 23
11 23 6 23
16 23 16 16
16 23 11 23
6 24 6 23
6 24 6 28
6 24 8 24
8 24 8 28
8 24 9 24
8 24 6 24
9 24 9 33
9 24 11 24
9 24 8 24
11 24 11 23
11 24 11 33
11 24 9 24
28 25 28 27
28 25 29 25
29 25 29 19
29 25 35 25
29 25 28 25
35 25 35 19
35 25 35 27
35 25 29 25
23 26 23 27
23 26 24 26
24 26 24 20
24 26 27 26
24 26 23 26
27 26 27 20
27 26 27 27
27 26 24 26
23 27 23 26
23 27 23 31
23 27 27 27
27 27 27 26
27 27 28 27
27 27 23 27
28 27 28 25
28 27 35 27
28 27 27 27
35 27 35 25
35 27 35 31
35 27 28 27
6 28 6 24
6 28 8 28
8 28 8 24
8 28 6 28
43 29 43 22
43 29 43 32
43 29 44 29
44 29 44 32
44 29 46 29
44 29 43 29
46 29 46 22
46 29 44 29
47 30 47 38
47 30 48 30
48 30 48 38
48 30 47 30
23 31 23 27
23 31 32 31
32 31 32 34
32 31 35 31
32 31 23 31
35 31 35 27
35 31 35 34
35 31 32 31
39 32 39 36
39 32 43 32
43 32 43 29
43 32 44 32
43 32 39 32
44 32 44 29
44 32 44 36
44 32 43 32
9 33 9 24
9 33 9 37
9 33 11 33
11 33 11 24
11 33 17 33
11 33 9 33
17 33 17 37
17 33 11 33
32 34 32 31
32 34 32 39
32 34 33 34
33 34 33 39
33 34 35 34
33 34 32 34
35 34 35 31
35 34 33 34
0 35 0 16
0 35 1 35
1 35 1 44
1 35 4 35
1 35 0 35
4 35 4 16
4 35 4 44
4 35 1 35
39 36 39 32
39 36 40 36
40 36 40 40
40 36 44 36
40 36 39 36
44 36 44 32
44 36 44 40
44 36 40 36
9 37 9 33
9 37 9 43
9 37 15 37
15 37 15 43
15 37 17 37
15 37 9 37
17 37 17 33
17 37 15 37
45 38 45 40
45 38 47 38
47 38 47 30
47 38 48 38
47 38 45 38
48 38 48 30
48 38 48 40
48 38 47 38
32 39 32 34
32 39 33 39
33 39 33 34
33 39 32 39
40 40 40 36
40 40 40 41
40 40 44 40
44 40 44 36
44 40 45 40
44 40 40 40
45 40 45 38
45 40 48 40
45 40 44 40
48 40 48 38
48 40 48 41
48 40 45 40
40 41 40 40
40 41 40 46
40 41 48 41
48 41 48 40
48 41 49 41
48 41 40 41
49 41 49 46
49 41 48 41
18 42 18 43
18 42 20 42
20 42 20 43
20 42 18 42
9 43 9 37
9 43 9 45
9 43 15 43
15 43 15 37
15 43 18 43
15 43 9 43
18 43 18 42
18 43 20 43
18 43 15 43
20 43 20 42
20 43 20 45
20 43 18 43
1 44 1 35
1 44 3 44
3 44 3 48
3 44 4 44
3 44 1 44
4 44 4 35
4 44 4 48
4 44 3 44
9 45 9 43
9 45 20 45
20 45 20 43
20 45 9 45
37 46 37 47
37 46 40 46
40 46 40 41
40 46 49 46
40 46 37 46
49 46 49 41
49 46 49 47
49 46 40 46
37 47 37 46
37 47 41 47
41 47 41 49
41 47 49 47
41 47 37 47
49 47 49 46
49 47 49 49
49 47 41 47
3 48 3 44
3 48 4 48
4 48 4 44
4 48 3 48
41 49 41 47
41 49 49 49
49 49 49 47
49 49 41 49
12 0 12 2
12 0 13 0
13 0 13 2
13 0 12 0
21 1 21 5
21 1 22 1
22 1 22 5
22 1 25 1
22 1 21 1
25 1 25 5
25 1 22 1
2 2 2 3
2 2 3 2
3 2 3 3
3 2 4 2
3 2 2 2
4 2 4 3
4 2 5 2
4 2 3 2
5 2 5 3
5 2 12 2
5 2 4 2
12 2 12 0
12 2 12 3
12 2 13 2
12 2 5 2
13 2 13 0
13 2 13 3
13 2 12 2
12 3 12 2
12 3 12 4
12 3 13 3
12 3 5 3
5 3 5 2
5 3 5 4
5 3 12 3
5 3 4 3
4 3 4 2
4 3 4 4
4 3 5 3
4 3 3 3
3 3 3 2
3 3 3 4
3 3 4 3
3 3 2 3
2 3 2 2
2 3 2 4
2 3 3 3
13 3 13 2
13 3 13 4
13 3 19 3
13 3 12 3
19 3 19 4
19 3 13 3
4 4 4 3
4 4 4 8
4 4 5 4
4 4 3 4
3 4 3 3
3 4 3 8
3 4 4 4
3 4 2 4
2 4 2 3
2 4 2 8
2 4 3 4
5 4 5 3
5 4 5 8
5 4 12 4
5 4 4 4
12 4 12 3
12 4 13 4
12 4 5 4
13 4 13 3
13 4 19 4
13 4 12 4
19 4 19 3
19 4 13 4
10 5 10 6
10 5 11 5
11 5 11 6
11 5 14 5
11 5 10 5
14 5 14 6
14 5 21 5
14 5 11 5
21 5 21 1
21 5 21 6
21 5 22 5
21 5 14 5
22 5 22 1
22 5 22 6
22 5 25 5
22 5 21 5
25 5 25 1
25 5 25 6
25 5 22 5
11 6 11 5
11 6 11 13
11 6 14 6
11 6 10 6
10 6 10 5
10 6 10 13
10 6 11 6
14 6 14 5
14 6 14 13
14 6 21 6
14 6 11 6
21 6 21 5
21 6 22 6
21 6 14 6
22 6 22 5
22 6 22 7
22 6 25 6
22 6 21 6
25 6 25 5
25 6 25 7
25 6 22 6
22 7 22 6
22 7 22 9
22 7 25 7
25 7 25 6
25 7 25 9
25 7 26 7
25 7 22 7
26 7 26 9
26 7 27 7
26 7 25 7
27 7 27 9
27 7 26 7
0 8 0 10
0 8 1 8
1 8 1 10
1 8 2 8
1 8 0 8
2 8 2 4
2 8 2 10
2 8 3 8
2 8 1 8
3 8 3 4
3 8 3 10
3 8 4 8
3 8 2 8
4 8 4 4
4 8 4 10
4 8 5 8
4 8 3 8
5 8 5 4
5 8 5 10
5 8 4 8
22 9 22 7
22 9 25 9
25 9 25 7
25 9 26 9
25 9 22 9
26 9 26 7
26 9 26 20
26 9 27 9
26 9 25 9
27 9 27 7
27 9 27 20
27 9 26 9
4 10 4 8
4 10 4 14
4 10 5 10
4 10 3 10
3 10 3 8
3 10 3 14
3 10 4 10
3 10 2 10
2 10 2 8
2 10 2 14
2 10 3 10
2 10 1 10
1 10 1 8
1 10 1 14
1 10 2 10
1 10 0 10
0 10 0 8
0 10 0 14
0 10 1 10
5 10 5 8
5 10 5 14
5 10 6 10
5 10 4 10
6 10 6 14
6 10 7 10
6 10 5 10
7 10 7 14
7 10 6 10
31 11 31 12
31 11 32 11
32 11 32 12
32 11 33 11
32 11 31 11
33 11 33 12
33 11 34 11
33 11 32 11
34 11 34 12
34 11 36 11
34 11 33 11
36 11 36 12
36 11 38 11
36 11 34 11
38 11 38 12
38 11 36 11
33 12 33 11
33 12 33 17
33 12 34 12
33 12 32 12
32 12 32 11
32 12 32 17
32 12 33 12
32 12 31 12
31 12 31 11
31 12 31 17
31 12 32 12
34 12 34 11
34 12 34 17
34 12 36 12
34 12 33 12
36 12 36 11
36 12 36 21
36 12 38 12
36 12 34 12
38 12 38 11
38 12 38 21
38 12 36 12
11 13 11 6
11 13 11 14
11 13 14 13
11 13 10 13
10 13 10 6
10 13 10 14
10 13 11 13
14 13 14 6
14 13 14 14
14 13 16 13
14 13 11 13
16 13 16 14
16 13 14 13
6 14 6 10
6 14 6 16
6 14 7 14
6 14 5 14
5 14 5 10
5 14 5 16
5 14 6 14
5 14 4 14
4 14 4 10
4 14 4 16
4 14 5 14
4 14 3 14
3 14 3 10
3 14 3 16
3 14 4 14
3 14 2 14
2 14 2 10
2 14 2 16
2 14 3 14
2 14 1 14
1 14 1 10
1 14 1 16
1 14 2 14
1 14 0 14
0 14 0 10
0 14 0 16
0 14 1 14
7 14 7 10
7 14 7 16
7 14 8 14
7 14 6 14
8 14 8 16
8 14 9 14
8 14 7 14
9 14 9 16
9 14 10 14
9 14 8 14
10 14 10 13
10 14 10 16
10 14 11 14
10 14 9 14
11 14 11 13
11 14 11 16
11 14 14 14
11 14 10 14
14 14 14 13
14 14 14 16
14 14 16 14
14 14 11 14
16 14 16 13
16 14 16 16
16 14 14 14
29 15 29 17
29 15 30 15
30 15 30 17
30 15 29 15
3 16 3 14
3 16 3 35
3 16 4 16
3 16 2 16
2 16 2 14
2 16 2 35
2 16 3 16
2 16 1 16
1 16 1 14
1 16 1 35
1 16 2 16
1 16 0 16
0 16 0 14
0 16 0 35
0 16 1 16
4 16 4 14
4 16 4 35
4 16 5 16
4 16 3 16
5 16 5 14
5 16 6 16
5 16 4 16
6 16 6 14
6 16 6 23
6 16 7 16
6 16 5 16
7 16 7 14
7 16 7 23
7 16 8 16
7 16 6 16
8 16 8 14
8 16 8 23
8 16 9 16
8 16 7 16
9 16 9 14
9 16 9 23
9 16 10 16
9 16 8 16
10 16 10 14
10 16 10 23
10 16 11 16
10 16 9 16
11 16 11 14
11 16 11 23
11 16 14 16
11 16 10 16
14 16 14 14
14 16 14 23
14 16 16 16
14 16 11 16
16 16 16 14
16 16 16 23
16 16 14 16
29 17 29 15
29 17 29 19
29 17 30 17
30 17 30 15
30 17 30 19
30 17 31 17
30 17 29 17
31 17 31 12
31 17 31 19
31 17 32 17
31 17 30 17
32 17 32 12
32 17 32 19
32 17 33 17
32 17 31 17
33 17 33 12
33 17 33 19
33 17 34 17
33 17 32 17
34 17 34 12
34 17 34 19
34 17 33 17
42 18 42 21
42 18 43 18
43 18 43 21
43 18 44 18
43 18 42 18
44 18 44 21
44 18 46 18
44 18 43 18
46 18 46 21
46 18 44 18
33 19 33 17
33 19 33 25
33 19 34 19
33 19 32 19
32 19 32 17
32 19 32 25
32 19 33 19
32 19 31 19
31 19 31 17
31 19 31 25
31 19 32 19
31 19 30 19
30 19 30 17
30 19 30 25
30 19 31 19
30 19 29 19
29 19 29 17
29 19 29 25
29 19 30 19
34 19 34 17
34 19 34 25
34 19 35 19
34 19 33 19
35 19 35 25
35 19 34 19
24 20 24 26
24 20 26 20
26 20 26 9
26 20 26 26
26 20 27 20
26 20 24 20
27 20 27 9
27 20 27 26
27 20 26 20
36 21 36 12
36 21 36 22
36 21 38 21
38 21 38 12
38 21 38 22
38 21 42 21
38 21 36 21
42 21 42 18
42 21 42 22
42 21 43 21
42 21 38 21
43 21 43 18
43 21 43 22
43 21 44 21
43 21 42 21
44 21 44 18
44 21 44 22
44 21 46 21
44 21 43 21
46 21 46 18
46 21 46 22
46 21 44 21
36 22 36 21
36 22 38 22
38 22 38 21
38 22 42 22
38 22 36 22
42 22 42 21
42 22 43 22
42 22 38 22
43 22 43 21
43 22 43 29
43 22 44 22
43 22 42 22
44 22 44 21
44 22 44 29
44 22 46 22
44 22 43 22
46 22 46 21
46 22 46 29
46 22 44 22
10 23 10 16
10 23 10 24
10 23 11 23
10 23 9 23
9 23 9 16
9 23 9 24
9 23 10 23
9 23 8 23
8 23 8 16
8 23 8 24
8 23 9 23
8 23 7 23
7 23 7 16
7 23 7 24
7 23 8 23
7 23 6 23
6 23 6 16
6 23 6 24
6 23 7 23
11 23 11 16
11 23 11 24
11 23 14 23
11 23 10 23
14 23 14 16
14 23 16 23
14 23 11 23
16 23 16 16
16 23 14 23
7 24 7 23
7 24 7 28
7 24 8 24
7 24 6 24
6 24 6 23
6 24 6 28
6 24 7 24
8 24 8 23
8 24 8 28
8 24 9 24
8 24 7 24
9 24 9 23
9 24 9 33
9 24 10 24
9 24 8 24
10 24 10 23
10 24 10 33
10 24 11 24
10 24 9 24
11 24 11 23
11 24 11 33
11 24 10 24
28 25 28 27
28 25 29 25
29 25 29 19
29 25 29 27
29 25 30 25
29 25 28 25
30 25 30 19
30 25 30 27
30 25 31 25
30 25 29 25
31 25 31 19
31 25 31 27
31 25 32 25
31 25 30 25
32 25 32 19
32 25 32 27
32 25 33 25
32 25 31 25
33 25 33 19
33 25 33 27
33 25 34 25
33 25 32 25
34 25 34 19
34 25 34 27
34 25 35 25
34 25 33 25
35 25 35 19
35 25 35 27
35 25 34 25
23 26 23 27
23 26 24 26
24 26 24 20
24 26 24 27
24 26 26 26
24 26 23 26
26 26 26 20
26 26 26 27
26 26 27 26
26 26 24 26
27 26 27 20
27 26 27 27
27 26 26 26
26 27 26 26
26 27 26 31
26 27 27 27
26 27 24 27
24 27 24 26
24 27 24 31
24 27 26 27
24 27 23 27
23 27 23 26
23 27 23 31
23 27 24 27
27 27 27 26
27 27 27 31
27 27 28 27
27 27 26 27
28 27 28 25
28 27 28 31
28 27 29 27
28 27 27 27
29 27 29 25
29 27 29 31
29 27 30 27
29 27 28 27
30 27 30 25
30 27 30 31
30 27 31 27
30 27 29 27
31 27 31 25
31 27 31 31
31 27 32 27
31 27 30 27
32 27 32 25
32 27 32 31
32 27 33 27
32 27 31 27
33 27 33 25
33 27 33 31
33 27 34 27
33 27 32 27
34 27 34 25
34 27 34 31
34 27 35 27
34 27 33 27
35 27 35 25
35 27 35 31
35 27 34 27
6 28 6 24
6 28 7 28
7 28 7 24
7 28 8 28
7 28 6 28
8 28 8 24
8 28 7 28
43 29 43 22
43 29 43 32
43 29 44 29
44 29 44 22
44 29 44 32
44 29 46 29
44 29 43 29
46 29 46 22
46 29 44 29
47 30 47 38
47 30 48 30
48 30 48 38
48 30 47 30
23 31 23 27
23 31 24 31
24 31 24 27
24 31 26 31
24 31 23 31
26 31 26 27
26 31 27 31
26 31 24 31
27 31 27 27
27 31 28 31
27 31 26 31
28 31 28 27
28 31 29 31
28 31 27 31
29 31 29 27
29 31 30 31
29 31 28 31
30 31 30 27
30 31 31 31
30 31 29 31
31 31 31 27
31 31 32 31
31 31 30 31
32 31 32 27
32 31 32 34
32 31 33 31
32 31 31 31
33 31 33 27
33 31 33 34
33 31 34 31
33 31 32 31
34 31 34 27
34 31 34 34
34 31 35 31
34 31 33 31
35 31 35 27
35 31 35 34
35 31 34 31
39 32 39 36
39 32 40 32
40 32 40 36
40 32 41 32
40 32 39 32
41 32 41 36
41 32 43 32
41 32 40 32
43 32 43 29
43 32 43 36
43 32 44 32
43 32 41 32
44 32 44 29
44 32 44 36
44 32 43 32
10 33 10 24
10 33 10 37
10 33 11 33
10 33 9 33
9 33 9 24
9 33 9 37
9 33 10 33
11 33 11 24
11 33 11 37
11 33 15 33
11 33 10 33
15 33 15 37
15 33 17 33
15 33 11 33
17 33 17 37
17 33 15 33
32 34 32 31
32 34 32 39
32 34 33 34
33 34 33 31
33 34 33 39
33 34 34 34
33 34 32 34
34 34 34 31
34 34 35 34
34 34 33 34
35 34 35 31
35 34 34 34
0 35 0 16
0 35 1 35
1 35 1 16
1 35 1 44
1 35 2 35
1 35 0 35
2 35 2 16
2 35 2 44
2 35 3 35
2 35 1 35
3 35 3 16
3 35 3 44
3 35 4 35
3 35 2 35
4 35 4 16
4 35 4 44
4 35 3 35
39 36 39 32
39 36 40 36
40 36 40 32
40 36 40 40
40 36 41 36
40 36 39 36
41 36 41 32
41 36 41 40
41 36 43 36
41 36 40 36
43 36 43 32
43 36 43 40
43 36 44 36
43 36 41 36
44 36 44 32
44 36 44 40
44 36 43 36
11 37 11 33
11 37 11 43
11 37 15 37
11 37 10 37
10 37 10 33
10 37 10 43
10 37 11 37
10 37 9 37
9 37 9 33
9 37 9 43
9 37 10 37
15 37 15 33
15 37 15 43
15 37 17 37
15 37 11 37
17 37 17 33
17 37 15 37
45 38 45 40
45 38 47 38
47 38 47 30
47 38 47 40
47 38 48 38
47 38 45 38
48 38 48 30
48 38 48 40
48 38 47 38
32 39 32 34
32 39 33 39
33 39 33 34
33 39 32 39
43 40 43 36
43 40 43 41
43 40 44 40
43 40 41 40
41 40 41 36
41 40 41 41
41 40 43 40
41 40 40 40
40 40 40 36
40 40 40 41
40 40 41 40
44 40 44 36
44 40 44 41
44 40 45 40
44 40 43 40
45 40 45 38
45 40 45 41
45 40 47 40
45 40 44 40
47 40 47 38
47 40 47 41
47 40 48 40
47 40 45 40
48 40 48 38
48 40 48 41
48 40 47 40
47 41 47 40
47 41 47 46
47 41 48 41
47 41 45 41
45 41 45 40
45 41 45 46
45 41 47 41
45 41 44 41
44 41 44 40
44 41 44 46
44 41 45 41
44 41 43 41
43 41 43 40
43 41 43 46
43 41 44 41
43 41 41 41
41 41 41 40
41 41 41 46
41 41 43 41
41 41 40 41
40 41 40 40
40 41 40 46
40 41 41 41
48 41 48 40
48 41 48 46
48 41 49 41
48 41 47 41
49 41 49 46
49 41 48 41
18 42 18 43
18 42 20 42
20 42 20 43
20 42 18 42
11 43 11 37
11 43 11 45
11 43 15 43
11 43 10 43
10 43 10 37
10 43 10 45
10 43 11 43
10 43 9 43
9 43 9 37
9 43 9 45
9 43 10 43
15 43 15 37
15 43 15 45
15 43 18 43
15 43 11 43
18 43 18 42
18 43 18 45
18 43 20 43
18 43 15 43
20 43 20 42
20 43 20 45
20 43 18 43
1 44 1 35
1 44 2 44
2 44 2 35
2 44 3 44
2 44 1 44
3 44 3 35
3 44 3 48
3 44 4 44
3 44 2 44
4 44 4 35
4 44 4 48
4 44 3 44
9 45 9 43
9 45 10 45
10 45 10 43
10 45 11 45
10 45 9 45
11 45 11 43
11 45 15 45
11 45 10 45
15 45 15 43
15 45 18 45
15 45 11 45
18 45 18 43
18 45 20 45
18 45 15 45
20 45 20 43
20 45 18 45
37 46 37 47
37 46 40 46
40 46 40 41
40 46 40 47
40 46 41 46
40 46 37 46
41 46 41 41
41 46 41 47
41 46 43 46
41 46 40 46
43 46 43 41
43 46 43 47
43 46 44 46
43 46 41 46
44 46 44 41
44 46 44 47
44 46 45 46
44 46 43 46
45 46 45 41
45 46 45 47
45 46 47 46
45 46 44 46
47 46 47 41
47 46 47 47
47 46 48 46
47 46 45 46
48 46 48 41
48 46 48 47
48 46 49 46
48 46 47 46
49 46 49 41
49 46 49 47
49 46 48 46
37 47 37 46
37 47 40 47
40 47 40 46
40 47 41 47
40 47 37 47
41 47 41 46
41 47 41 49
41 47 43 47
41 47 40 47
43 47 43 46
43 47 43 49
43 47 44 47
43 47 41 47
44 47 44 46
44 47 44 49
44 47 45 47
44 47 43 47
45 47 45 46
45 47 45 49
45 47 47 47
45 47 44 47
47 47 47 46
47 47 47 49
47 47 48 47
47 47 45 47
48 47 48 46
48 47 48 49
48 47 49 47
48 47 47 47
49 47 49 46
49 47 49 49
49 47 48 47
3 48 3 44
3 48 4 48
4 48 4 44
4 48 3 48
41 49 41 47
41 49 43 49
43 49 43 47
43 49 44 49
43 49 41 49
44 49 44 47
44 49 45 49
44 49 43 49
45 49 45 47
45 49 47 49
45 49 44 49
47 49 47 47
47 49 48 49
47 49 45 49
48 49 48 47
48 49 49 49
48 49 47 49
49 49 49 47
49 49 48 49
