100
41 49
41 47
37 47
37 46
40 46
40 36
39 36
39 32
43 32
43 22
36 22
36 12
34 12
34 19
35 19
35 34
33 34
33 39
32 39
32 31
23 31
23 26
24 26
24 20
26 20
26 9
22 9
22 6
14 6
14 13
16 13
16 23
11 23
11 33
17 33
17 37
15 37
15 43
18 43
18 42
20 42
20 45
9 45
9 24
8 24
8 28
6 28
6 16
4 16
4 48
3 48
3 44
1 44
1 35
0 35
0 8
2 8
2 2
12 2
12 0
13 0
13 3
19 3
19 4
5 4
5 10
7 10
7 14
10 14
10 5
21 5
21 1
25 1
25 7
27 7
27 27
28 27
28 25
29 25
29 15
30 15
30 17
31 17
31 11
38 11
38 21
42 21
42 18
46 18
46 29
44 29
44 40
45 40
45 38
47 38
47 30
48 30
48 41
49 41
49 49
12 0 12 2
12 0 13 0
13 0 13 2
13 0 12 0
21 1 21 5
21 1 25 1
25 1 25 5
25 1 21 1
2 2 2 3
2 2 12 2
12 2 12 0
12 2 13 2
12 2 2 2
13 2 13 0
13 2 13 3
13 2 12 2
2 3 2 2
2 3 2 4
2 3 13 3
13 3 13 2
13 3 19 3
13 3 2 3
19 3 19 4
19 3 13 3
2 4 2 3
2 4 2 8
2 4 5 4
5 4 5 8
5 4 19 4
5 4 2 4
19 4 19 3
19 4 5 4
10 5 10 6
10 5 21 5
21 5 21 1
21 5 25 5
21 5 10 5
25 5 25 1
25 5 25 6
25 5 21 5
10 6 10 5
10 6 10 13
10 6 14 6
14 6 14 13
14 6 22 6
14 6 10 6
22 6 22 7
22 6 25 6
22 6 14 6
25 6 25 5
25 6 25 7
25 6 22 6
22 7 22 6
22 7 22 9
22 7 25 7
25 7 25 6
25 7 27 7
25 7 22 7
27 7 27 9
27 7 25 7
0 8 0 10
0 8 2 8
2 8 2 4
2 8 5 8
2 8 0 8
5 8 5 4
5 8 5 10
5 8 2 8
22 9 22 7
22 9 26 9
26 9 26 20
26 9 27 9
26 9 22 9
27 9 27 7
27 9 27 20
27 9 26 9
0 10 0 8
0 10 0 14
0 10 5 10
5 10 5 8
5 10 7 10
5 10 0 10
7 10 7 14
7 10 5 10
31 11 31 12
31 11 38 11
38 11 38 12
38 11 31 11
31 12 31 11
31 12 31 17
31 12 34 12
34 12 34 17
34 12 36 12
34 12 31 12
36 12 36 21
36 12 38 12
36 12 34 12
38 12 38 11
38 12 38 21
38 12 36 12
10 13 10 6
10 13 10 14
10 13 14 13
14 13 14 6
14 13 16 13
14 13 10 13
16 13 16 14
16 13 14 13
0 14 0 10
0 14 0 16
0 14 7 14
7 14 7 10
7 14 10 14
7 14 0 14
10 14 10 13
10 14 16 14
10 14 7 14
16 14 16 13
16 14 16 16
16 14 10 14
29 15 29 17
29 15 30 15
30 15 30 17
30 15 29 15
0 16 0 14
0 16 0 35
0 16 4 16
4 16 4 35
4 16 6 16
4 16 0 16
6 16 6 23
6 16 16 16
6 16 4 16
16 16 16 14
16 16 16 23
16 16 6 16
29 17 29 15
29 17 29 19
29 17 30 17
30 17 30 15
30 17 31 17
30 17 29 17
31 17 31 12
31 17 34 17
31 17 30 17
34 17 34 12
34 17 34 19
34 17 31 17
42 18 42 21
42 18 46 18
46 18 46 21
46 18 42 18
29 19 29 17
29 19 29 25
29 19 34 19
34 19 34 17
34 19 35 19
34 19 29 19
35 19 35 25
35 19 34 19
24 20 24 26
24 20 26 20
26 20 26 9
26 20 27 20
26 20 24 20
27 20 27 9
27 20 27 26
27 20 26 20
36 21 36 12
36 21 36 22
36 21 38 21
38 21 38 12
38 21 42 21
38 21 36 21
42 21 42 18
42 21 46 21
42 21 38 21
46 21 46 18
46 21 46 22
46 21 42 21
36 22 36 21
36 22 43 22
43 22 43 29
43 22 46 22
43 22 36 22
46 22 46 21
46 22 46 29
46 22 43 22
6 23 6 16
6 23 6 24
6 23 11 23
11 23 11 24
11 23 16 23
11 23 6 23
16 23 16 16
16 23 11 23
6 24 6 23
6 24 6 28
6 24 8 24
8 24 8 28
8 24 9 24
8 24 6 24
9 24 9 33
9 24 11 24
9 24 8 24
11 24 11 23
11 24 11 33
11 24 9 24
28 25 28 27
28 25 29 25
29 25 29 19
29 25 35 25
29 25 28 25
35 25 35 19
35 25 35 27
35 25 29 25
23 26 23 27
23 26 24 26
24 26 24 20
24 26 27 26
24 26 23 26
27 26 27 20
27 26 27 27
27 26 24 26
23 27 23 26
23 27 23 31
23 27 27 27
27 27 27 26
27 27 28 27
27 27 23 27
28 27 28 25
28 27 35 27
28 27 27 27
35 27 35 25
35 27 35 31
35 27 28 27
6 28 6 24
6 28 8 28
8 28 8 24
8 28 6 28
43 29 43 22
43 29 43 32
43 29 44 29
44 29 44 32
44 29 46 29
44 29 43 29
46 29 46 22
46 29 44 29
47 30 47 38
47 30 48 30
48 30 48 38
48 30 47 30
23 31 23 27
23 31 32 31
32 31 32 34
32 31 35 31
32 31 23 31
35 31 35 27
35 31 35 34
35 31 32 31
39 32 39 36
39 32 43 32
43 32 43 29
43 32 44 32
43 32 39 32
44 32 44 29
44 32 44 36
44 32 43 32
9 33 9 24
9 33 9 37
9 33 11 33
11 33 11 24
11 33 17 33
11 33 9 33
17 33 17 37
17 33 11 33
32 34 32 31
32 34 32 39
32 34 33 34
33 34 33 39
33 34 35 34
33 34 32 34
35 34 35 31
35 34 33 34
0 35 0 16
0 35 1 35
1 35 1 44
1 35 4 35
1 35 0 35
4 35 4 16
4 35 4 44
4 35 1 35
39 36 39 32
39 36 40 36
40 36 40 40
40 36 44 36
40 36 39 36
44 36 44 32
44 36 44 40
44 36 40 36
9 37 9 33
9 37 9 43
9 37 15 37
15 37 15 43
15 37 17 37
15 37 9 37
17 37 17 33
17 37 15 37
45 38 45 40
45 38 47 38
47 38 47 30
47 38 48 38
47 38 45 38
48 38 48 30
48 38 48 40
48 38 47 38
32 39 32 34
32 39 33 39
33 39 33 34
33 39 32 39
40 40 40 36
40 40 40 41
40 40 44 40
44 40 44 36
44 40 45 40
44 40 40 40
45 40 45 38
45 40 48 40
45 40 44 40
48 40 48 38
48 40 48 41
48 40 45 40
40 41 40 40
40 41 40 46
40 41 48 41
48 41 48 40
48 41 49 41
48 41 40 41
49 41 49 46
49 41 48 41
18 42 18 43
18 42 20 42
20 42 20 43
20 42 18 42
9 43 9 37
9 43 9 45
9 43 15 43
15 43 15 37
15 43 18 43
15 43 9 43
18 43 18 42
18 43 20 43
18 43 15 43
20 43 20 42
20 43 20 45
20 43 18 43
1 44 1 35
1 44 3 44
3 44 3 48
3 44 4 44
3 44 1 44
4 44 4 35
4 44 4 48
4 44 3 44
9 45 9 43
9 45 20 45
20 45 20 43
20 45 9 45
37 46 37 47
37 46 40 46
40 46 40 41
40 46 49 46
40 46 37 46
49 46 49 41
49 46 49 47
49 46 40 46
37 47 37 46
37 47 41 47
41 47 41 49
41 47 49 47
41 47 37 47
49 47 49 46
49 47 49 49
49 47 41 47
3 48 3 44
3 48 4 48
4 48 4 44
4 48 3 48
41 49 41 47
41 49 49 49
49 49 49 47
49 49 41 49
